204.19	
204.19	
200.59	
199.91	
196.97	
196.23	
196.48	
193.32	
188.95	
189.87	
197.8	
196.43	
194.67	
196.98	
194.17	
195.03	
191.86	
195.43	
198.23	
200.36	
202.1	
209.04	
209.04	
211.61	
209.1	
211.64	
210.73	
210.73	
214.01	
214.38	
210.97	
210.58	
211.98	
210.11	
207.72	
210.65	
209.43	
205.93	
205.93	
215.04	
211.72	
208.07	
197.75	
203.08	
205.94	
207.88	
199.29	
192.06	
194.73	
195.86	
199.23	
192.05	
195.46	
194.12	
196.19	
195.12	
198.67	
200.38	
200.38	
203.4	
202.55	
202.93	
201.67	
200.42	
197.06	
200.66	
202	
204.62	
208.99	
208.85	
209.33	
210.71	
218.95	
219.08	
223.02	
224.84	
225.5	
226.6	
223.84	
224.45	
224.12	
224.65	
222.25	
224.75	
228.36	
229.37	
226.65	
230.9	
232.39	
235.84	
235	
235.97	
235.97	
238.49	
239.54	
240.6	
239.95	
241.79	
242.29	
242.43	
245.69	
248.92	
247.4	
247.07	
244.59	
259.22	
266.47	
270.83	
269.5	
262.04	
261.6	
268.64	
261.09	
266.35	
258.68	
255.98	
246.25	
235.86	
253.99	
256.52	
262.09	
258.36	
253.82	
254.22	
252.36	
248.34	
237.76	
242.32	
246.76	
245.22	
244.11	
253.35	
256.88	
256.88	
260.83	
263.95	
263.12	
255.96	
250.94	
249.33	
243.2	
250.51	
253.51	
254.28	
259.69	
267.25	
271.87	
274.07	
270.17	
273.85	
270.97	
269	
266.7	
268.3	
256.17	
251.53	
248.48	
246.94	
246.94	
248.63	
258.66	
258.09	
259.62	
257.28	
251.8	
252.73	
251.45	
249.9	
245.58	
251.89	
254.24	
259.02	
259.94	
259.28	
264.08	
260.96	
258.11	
257.25	
261.85	
261.93	
262.98	
261.7	
260.09	
261.75	
259.41	
250.19	
251.79	
249.1	
247.64	
251.97	
253.07	
249.88	
249.64	
245.8	
239.93	
242.89	
240.28	
241.62	
242.5	
243.1	
250.33	
252.17	
258.77	
258.77	
257.81	
262.92	
263.07	
263.41	
267.04	
268.06	
270.22	
276.57	
275.37	
283.23	
283.77	
287.75	
288.92	
292.32	
291.16	
286.86	
287.37	
283.75	
282.52	
278.64	
288.94	
289.19	
289.22	
294.07	
295.36	
298.54	
300.14	
302.31	
314.74	
318	
309.49	
310.53	
309.52	
307.47	
308.84	
308.05	
307.83	
305.24	
300.98	
304.18	
309.36	
312.8	
318.27	
317.13	
318.62	
316.08	
318.03	
316.66	
308.03	
307.04	
301.59	
300.5	
308.43	
306.73	
313.36	
308.73	
